0.427917089762099
0.40531507682008694
0.37931510190979045
0.3569584283446842
0.3435659331732824
0.3378404680242165
0.3334959396724877
0.3237301011516782
0.3079213193879527
0.30643914894779756
0.3039827367601775
0.3011004194856631
0.2961605506431701
0.2882412070462068
0.28405386803012334
0.2825881629815155
0.28031618148565796
0.2701827014851498
0.2663171595212283
0.25332571993398917
0.24587707803633693
0.23532932869911008
0.23238097757355905
0.21689850989979356
0.20671217860256796
0.20648283036589654
0.2038098510115437
0.19958514416435874
0.19414369601144957
0.19343502498148626
0.19187502358158187
0.17707974104085425
0.17595687191792328
0.16839746153030324
0.15867301298013375
0.15319591487087053
0.14544992258004588
0.143627005759178
0.14057071512608138
0.13035599781206197
0.12055189725538032
0.12042156922962484
0.11430602272134045
0.1128498434116425
0.10678034788329567
0.10499660068426811
0.0987355660932448
0.09850524810868817
0.09830294448563372
0.09818588742118864
0.09595706227746342
0.09466000828538902
0.09421657544391786
0.09261392132601252
0.09054035776272261
0.08712446578460467
0.08544131172201797
0.08273406904723386
0.08178932921893428
0.0806595552222741
0.07624922865726139
0.07516546085951209
0.07303334480200442
0.07241967572002991
0.07007109297300777
0.06952738331983765
0.06828529330146456
0.06505534057734842
0.06215324994330257
0.06078761361340078
0.05946740855377113
0.058832861763360084
0.05874475992590307
0.056556727495997765
0.05601363615190167
0.05538894937692674
0.054079249821955354
0.05302572261690126
0.052631419337471425
0.0510679904147869
0.048888962345766535
0.04617817878016924
0.04445030168670262
0.042500699733097315
0.04244422486499898
0.041576352354609616
0.03877575327145298
0.03830161301079018
0.03681873009492633
0.03594215353317048
0.03460856175434323
0.03243975018945841
0.02966283067623795
0.02927712003536981
0.029232321279227924
0.02813313628563848
0.026970972727764688
0.025538477786618892
0.023203734465870512
0.023018967274668543
0.022379397189439886
0.021645873668824377
0.021262557708651493
0.019478976817411887
0.019284955006046288
0.018769172447061243
0.017494147087109196
0.016606981641073347
0.016137572446869707
0.016029631024982102
0.014687424651567834
0.01074623585151467
0.010454862593447342
0.009749272173387889
0.009335456063922533
0.008566494455008249
0.00810445367416511
0.00699288562918252
0.006060131440374655
0.005964961804716114
0.005184670120215699
0.00418713770987072
0.004123383676918246
0.003948915937375274
0.0035537701934408904
0.0033862106712497803
0.0033066547171152734
0.0025414179355792758
0.0024455276561816427
0.00230932184143002
0.0022928217749181826
0.002245170249733599
0.0017153539664626909
0.0015881668954952754
0.0014281144713860616
0.0014027065071165574
0.001374966715199201
0.00134743111790286
0.0012296379120423624
0.0011196103213950283
0.0009812074561046365
0.0007903763510186191
0.0006903367635835249
0.0005258770384874614
0.0004963401536933342
0.00035479473300462615
0.0003517278684017415
0.00030596902737974735
9.361247396143585e-05
0.0
