0.6730512522553532
0.6600798198343022
0.658943976326704
0.6557611577346577
0.6505370640651728
0.6468107356257069
0.6460265214405527
0.6393079524434656
0.6348801135735492
0.6217433515814448
0.6134754251246923
0.610293538667264
0.6057954148478288
0.6052235621277735
0.601464020949548
0.5944963108688783
0.5898401814695211
0.5895937901797559
0.5865717588010421
0.5862295270183446
0.5840492212932459
0.5773006093484021
0.5772874050312176
0.5755430394988313
0.5738146622293188
0.5715609033106259
0.5715063123235765
0.5714411451336581
0.5703881068609616
0.5698518715168452
0.5675438461749064
0.5671632355583823
0.56521651428495
0.5632760419978398
0.5631494492926413
0.562306222431805
0.56131506781196
0.5610638345798393
0.555194845916905
0.5550634821633209
0.5541953261339333
0.5531247831410129
0.5487847562623859
0.5482423746514369
0.5473634645222522
0.5470356142270412
0.54573899780766
0.543558593823986
0.543120194669554
0.540465095647181
0.5400041236335928
0.5399906416817835
0.5398719465439946
0.5388941676715429
0.5381208482082863
0.5375958338929068
0.5375749461201731
0.5375006049329766
0.5371022502827918
0.5323492384711797
0.5314947475635738
0.5306539807200713
0.5285115935247227
0.5269953192063591
0.5255280529137495
0.5254187181485065
0.5243442838689293
0.5232168956724608
0.5217960265655501
0.5213256948239855
0.5204686960634463
0.5188618386209733
0.5187588480468653
0.514954096508831
0.5148626573367218
0.5145569694616843
0.5135371498775031
0.5133199007243058
0.5112709352835411
0.5112325749182864
0.5110127750049821
0.5103836425961135
0.5097648881890446
0.5094665555868483
0.509399903496247
0.5085124462794054
0.5083741345714544
0.5080325733974155
0.5078949225487158
0.5078279081241267
0.5075555831566824
0.5072878771375351
0.5069498206798637
0.5066197066122197
0.5063774993788642
0.5059823089150769
0.505308399118075
0.5051422898965212
0.5047466845272456
0.5043789793674205
0.5039848381245094
0.5039198915928503
0.5034895319712224
0.5032550097107552
0.5026241284318019
0.5023859166864386
0.5014889401036271
0.5013078379206859
0.5004118481686844
0.4993067491469652
0.49851461999300023
0.498205502884053
0.49692047833382824
0.49577845436670587
0.49557880902655577
0.49396174772185947
0.4937677420574552
0.4927532819803776
0.49221299949517344
0.4920381738390926
0.49197314711492474
0.4917009181252171
0.4905776424505535
0.4889393879692631
0.48879096766218666
0.4884247893845421
0.4870853683961916
0.487045159738362
0.4865381725469821
0.48611053932568954
0.48506995031688904
0.4842818498358874
0.4832557981801499
0.4831196146973691
0.48204400586286783
0.4815351657923419
0.48129407311460237
0.48003074985765704
0.4797494221004348
0.4796107516546131
0.4795064592073075
0.47925229944071207
0.4791443351079253
0.4788879409240984
0.4779597345781846
0.476541966687826
0.4764827897167936
0.4752566142446698
0.47479505769469504
0.4742782997950187
0.4740856102781543
0.47293667341689744
0.4717819512369726
0.47109066269419764
0.47090771504776074
0.47079678975553874
0.47078206131344774
0.47007817482255093
0.469805738173035
0.46966411103305095
0.4696119044775459
0.4674542393934461
0.4670321351763737
0.46689118365344706
0.4657496795757387
0.4651886925333372
0.4648798801513456
0.4639776166533743
0.4636604263448505
0.4624706759010316
0.4620304718644173
0.46191846415092785
0.46187966831051785
0.45919562712591244
0.45854674106292
0.4580094682568734
0.45791719585363283
0.4557927268657149
0.4557021360095731
0.45423852569828466
0.4525220397244082
0.45145653356582266
0.4513500024859013
0.45115061489635816
0.4505077668107292
0.4490436614438878
0.4490390130611685
0.4483099478117297
0.4476984340730436
0.4469936864834051
0.445438103279034
0.44180796410559803
0.44175036959390157
0.4394559966371115
0.437320428082458
0.43660436643488937
0.4354702437402504
0.4347845475859978
0.42834101977880223
0.428181070955996
0.4274835645256391
0.42701536088369935
0.42660128160390126
0.4261899915651587
0.4257086963396608
0.4251122443046062
0.4250800212286275
0.4248200202145759
0.4242311005648073
0.4240360170701726
0.4239229241807249
0.42368203384796105
0.42338653283610944
0.423287280678218
0.42291486213286844
0.42092668577015524
0.4204729237577019
0.42025542452079645
0.4201731413020785
0.4201186555823433
0.4196053486116245
0.41958887178505794
0.41751030992353483
0.41597862969793625
0.41506764696576964
0.41397482171588285
0.41326958044072276
0.4131737827120473
0.4129394397219906
0.4125549650261597
0.4113085316807504
0.4112059403578464
0.410634977424987
0.4073523982698371
0.40690580777727403
0.406628730883996
0.40514804671400056
0.40369082364959796
0.4030540143789921
0.4029526461124876
0.40048709667501253
0.39951903337136085
0.39909938775812637
0.3974087303516343
0.3964779739751678
0.39641861795009237
0.3951174785387113
0.3937552329627852
0.3899296748367541
0.38960018605234514
0.38731982494465006
0.3846347278463395
0.38457048819645623
0.3843581627461277
0.38348362203359665
0.3826253235213803
0.3786241465029078
0.37591784633993125
0.37556808262541375
0.37539737606203116
0.37418855631508785
0.3736570312424091
0.3676031413179481
0.36541075918184507
0.36526403060171464
0.364193993516683
0.3636145625217144
0.3590986514312438
0.35290898893354494
0.3511473342560619
0.3470298904271724
0.34513341281744514
0.3424180211694838
0.34102190324278087
0.33798178565741466
0.3344705348059773
0.3293731777104819
0.3236818351048543
0.3224814485079406
0.31847167185939473
0.30966613976634993
0.3079553183669071
0.3078384246728748
0.29673526467130795
0.2944077016525971
0.28674222820088907
0.28668004963912047
0.28511139395687374
0.28495679934741946
0.28259819297662186
0.27805249664697823
0.2625553628184817
0.2588918972614043
0.2541872371077938
0.2477351600616545
0.23843172320215142
0.22619654348372065
0.18775651400388088
0.16605598581663872
0.07224696752578007
