0.6742978506125211
0.643597322840473
0.6375062467306343
0.6368645620843787
0.6359121254861025
0.630487505400687
0.6275336548016142
0.6222537183307056
0.6187344737121151
0.6164337259982089
0.6107315655763605
0.6065356147214674
0.6043721688528665
0.6014008672797027
0.60069441161358
0.5988415996214204
0.5968356051294198
0.5921039230650086
0.5906674801244658
0.5893543308714606
0.5843003438316237
0.5839820235657999
0.5835003221287945
0.5788998379496557
0.568460904657594
0.5671153847887598
0.5666430697970181
0.5662980794891476
0.5661322947986426
0.5577737792035374
0.5560306758440541
0.5533697830007198
0.5494593152153645
0.5467171793364259
0.545800264359727
0.5422205698363017
0.5412631349381511
0.5369121684718159
0.5341174482289713
0.5329264439434185
0.5319167993659163
0.5300704331630468
0.5297692946941033
0.5292907609519479
0.5283292485263452
0.5246872176893234
0.524633571222016
0.524464920967748
0.5242908443539904
0.5241661040845642
0.5237758533019471
0.5234456301342709
0.5224668647813587
0.5216081220040665
0.5211597408610378
0.5131238634108455
0.5131066214363637
0.5124423043485982
0.5101930806745791
0.5101858181192388
0.5097875269659105
0.5046246216777197
0.49783485131536703
0.4968833462917322
0.49641910496449027
0.49518210572746635
0.4941052239283817
0.49326326124108455
0.4924770095348712
0.4915274192040432
0.49112564191336744
0.49010172151242426
0.489991977953766
0.4898115378604133
0.4894734468160976
0.48842977342699545
0.48247747641965627
0.4824510309709959
0.4804727055285577
0.48041990093370485
0.47741458658451447
0.476063105072306
0.4751619200110291
0.47506607195722994
0.4742027872265155
0.46744023166842175
0.4665284921886808
0.4645554008540856
0.46445864206830073
0.46289207919500014
0.4623546040194067
0.4615094001860306
0.4511011407868106
0.4476374239328846
0.4444270786016409
0.4439187603570957
0.44125086640331024
0.44111713231236327
0.4406578552789381
0.43838893558414543
0.4355113338951808
0.4340542599719025
0.43388589636817926
0.43364659473606065
0.43331746737866944
0.4313206867441795
0.42706158649591247
0.4263768059803365
0.41748062719159246
0.4168160138120097
0.4166569633853708
0.41560116942641845
0.4127123789502228
0.41243361408948886
0.41228880500367593
0.410065945982717
0.40728909714055056
0.4017508916472642
0.40030425376379886
0.3967430936854806
0.38366717632813113
0.37839543058346503
0.369609425287568
0.3666769130094203
0.35841614765379204
0.356207839817029
0.34442127621745144
0.3438006065420929
0.3419812285066345
0.34174024161707073
0.3351258744879008
0.3335982384093337
0.3319950878130891
0.3193436727042602
0.31695583085234147
0.3153575716880004
0.3137094448797067
0.2938545744558075
0.27308323168615367
0.23852677824238613
0.2349839615479059
0.23484014215097831
0.20641053133610218
0.2002505999309503
0.19695551055371857
0.1545629027513912
0.12124083401404784
0.11086434461038928
0.10610441713427493
0.058834639355521884
