0.5220000147819519
0.5139999985694885
0.5019999742507935
0.5019999742507935
0.4960000216960907
0.4919999837875366
0.4899999797344208
0.48799997568130493
0.4819999933242798
0.4819999933242798
0.47999998927116394
0.47600001096725464
0.47600001096725464
0.47600001096725464
0.47600001096725464
0.4740000069141388
0.4740000069141388
0.4740000069141388
0.4740000069141388
0.4740000069141388
0.47200000286102295
0.47200000286102295
0.47200000286102295
0.47200000286102295
0.4699999988079071
0.4699999988079071
0.4699999988079071
0.4699999988079071
0.4699999988079071
0.4699999988079071
0.4699999988079071
0.46799999475479126
0.46799999475479126
0.46799999475479126
0.46799999475479126
0.46799999475479126
0.46799999475479126
0.46799999475479126
0.46799999475479126
0.46799999475479126
0.4660000205039978
0.4660000205039978
0.4660000205039978
0.4660000205039978
0.4660000205039978
0.4660000205039978
0.4660000205039978
0.4660000205039978
0.4660000205039978
0.4660000205039978
0.46400001645088196
0.46400001645088196
0.46400001645088196
0.46400001645088196
0.46400001645088196
0.46400001645088196
0.46400001645088196
0.46400001645088196
0.46400001645088196
0.4619999825954437
0.4619999825954437
0.4619999825954437
0.4619999825954437
0.4619999825954437
0.4619999825954437
0.4619999825954437
0.4619999825954437
0.4619999825954437
0.4619999825954437
0.4619999825954437
0.4619999825954437
0.4619999825954437
0.4619999825954437
0.4619999825954437
0.4599999785423279
0.4599999785423279
0.4599999785423279
0.4599999785423279
0.4599999785423279
0.4599999785423279
0.4599999785423279
0.4599999785423279
0.4599999785423279
0.4599999785423279
0.45799997448921204
0.45799997448921204
0.45799997448921204
0.45799997448921204
0.45799997448921204
0.45799997448921204
0.45799997448921204
0.45799997448921204
0.45799997448921204
0.45799997448921204
0.45799997448921204
0.45799997448921204
0.45799997448921204
0.45799997448921204
0.45799997448921204
0.4560000002384186
0.4560000002384186
0.4560000002384186
0.4560000002384186
0.4560000002384186
0.4560000002384186
0.4560000002384186
0.4560000002384186
0.4560000002384186
0.4560000002384186
0.4560000002384186
0.4560000002384186
0.4560000002384186
0.4560000002384186
0.45399999618530273
0.45399999618530273
0.45399999618530273
0.45399999618530273
0.45399999618530273
0.45399999618530273
0.45399999618530273
0.45399999618530273
0.45399999618530273
0.45399999618530273
0.45399999618530273
0.45399999618530273
0.45399999618530273
0.45399999618530273
0.45399999618530273
0.45399999618530273
0.4519999921321869
0.4519999921321869
0.4519999921321869
0.4519999921321869
0.4519999921321869
0.4519999921321869
0.4519999921321869
0.4519999921321869
0.4519999921321869
0.4519999921321869
0.4519999921321869
0.4519999921321869
0.4519999921321869
0.4519999921321869
0.4519999921321869
0.4519999921321869
0.4519999921321869
0.4519999921321869
0.44999998807907104
0.44999998807907104
0.44999998807907104
0.44999998807907104
0.44999998807907104
0.44999998807907104
0.44999998807907104
0.44999998807907104
0.44999998807907104
0.44999998807907104
0.44999998807907104
0.44999998807907104
0.44999998807907104
0.44999998807907104
0.44999998807907104
0.44999998807907104
0.44999998807907104
0.44999998807907104
0.44999998807907104
0.44999998807907104
0.44999998807907104
0.44999998807907104
0.44999998807907104
0.4479999840259552
0.4479999840259552
0.4479999840259552
0.4479999840259552
0.4479999840259552
0.4479999840259552
0.4479999840259552
0.4479999840259552
0.4479999840259552
0.4479999840259552
0.4479999840259552
0.4479999840259552
0.4479999840259552
0.4479999840259552
0.4479999840259552
0.4479999840259552
0.4479999840259552
0.4479999840259552
0.4479999840259552
0.44600000977516174
0.44600000977516174
0.44600000977516174
0.44600000977516174
0.44600000977516174
0.44600000977516174
0.44600000977516174
0.44600000977516174
0.44600000977516174
0.44600000977516174
0.44600000977516174
0.44600000977516174
0.44600000977516174
0.44600000977516174
0.44600000977516174
0.44600000977516174
0.44600000977516174
0.44600000977516174
0.4440000057220459
0.4440000057220459
0.4440000057220459
0.4440000057220459
0.4440000057220459
0.4440000057220459
0.4440000057220459
0.4440000057220459
0.4440000057220459
0.4440000057220459
0.4440000057220459
0.4440000057220459
0.4440000057220459
0.4440000057220459
0.4440000057220459
0.4440000057220459
0.4440000057220459
0.4440000057220459
0.4440000057220459
0.4440000057220459
0.4440000057220459
0.4440000057220459
0.4440000057220459
0.44200000166893005
0.44200000166893005
0.44200000166893005
0.44200000166893005
0.44200000166893005
0.44200000166893005
0.44200000166893005
0.44200000166893005
0.44200000166893005
0.44200000166893005
0.44200000166893005
0.44200000166893005
0.44200000166893005
0.44200000166893005
0.44200000166893005
0.44200000166893005
0.44200000166893005
0.44200000166893005
0.44200000166893005
0.44200000166893005
0.44200000166893005
0.44200000166893005
0.44200000166893005
0.44200000166893005
0.44200000166893005
0.44200000166893005
0.44200000166893005
0.44200000166893005
0.4399999976158142
0.4399999976158142
0.4399999976158142
0.4399999976158142
0.4399999976158142
0.4399999976158142
0.4399999976158142
0.4399999976158142
0.4399999976158142
0.4399999976158142
0.4399999976158142
0.4399999976158142
0.4399999976158142
0.4399999976158142
0.4399999976158142
0.4399999976158142
0.4399999976158142
0.4399999976158142
0.4399999976158142
0.4399999976158142
0.4399999976158142
0.4399999976158142
0.4399999976158142
0.4399999976158142
0.4399999976158142
0.4399999976158142
0.4399999976158142
0.4399999976158142
0.4399999976158142
0.4399999976158142
0.4399999976158142
0.4399999976158142
0.4399999976158142
0.4399999976158142
0.4399999976158142
0.4399999976158142
0.43799999356269836
0.43799999356269836
0.43799999356269836
0.43799999356269836
0.43799999356269836
0.43799999356269836
0.43799999356269836
0.43799999356269836
0.43799999356269836
0.43799999356269836
0.43799999356269836
0.43799999356269836
0.43799999356269836
0.43799999356269836
0.43799999356269836
0.43799999356269836
0.43799999356269836
0.43799999356269836
0.4360000193119049
0.4360000193119049
0.4360000193119049
0.4360000193119049
0.4360000193119049
0.4360000193119049
0.4360000193119049
0.4360000193119049
0.4360000193119049
0.4360000193119049
0.4360000193119049
0.4360000193119049
0.4360000193119049
0.4360000193119049
0.4360000193119049
0.4360000193119049
0.4360000193119049
0.4360000193119049
0.4360000193119049
0.4360000193119049
0.4360000193119049
0.4360000193119049
0.4360000193119049
0.4360000193119049
0.4360000193119049
0.4360000193119049
0.4360000193119049
0.4360000193119049
0.4360000193119049
0.4360000193119049
0.4360000193119049
0.4360000193119049
0.4360000193119049
0.4360000193119049
0.4360000193119049
0.4360000193119049
0.4360000193119049
0.4360000193119049
0.43400001525878906
0.43400001525878906
0.43400001525878906
0.43400001525878906
0.43400001525878906
0.43400001525878906
0.43400001525878906
0.43400001525878906
0.43400001525878906
0.43400001525878906
0.43400001525878906
0.43400001525878906
0.43400001525878906
0.43400001525878906
0.43400001525878906
0.43400001525878906
0.43400001525878906
0.43400001525878906
0.43400001525878906
0.43400001525878906
0.43400001525878906
0.43400001525878906
0.43400001525878906
0.43400001525878906
0.43400001525878906
0.43400001525878906
0.43400001525878906
0.43400001525878906
0.43400001525878906
0.43400001525878906
0.43400001525878906
0.4320000112056732
0.4320000112056732
0.4320000112056732
0.4320000112056732
0.4320000112056732
0.4320000112056732
0.4320000112056732
0.4320000112056732
0.4320000112056732
0.4320000112056732
0.4320000112056732
0.4320000112056732
0.4320000112056732
0.4320000112056732
0.4320000112056732
0.4320000112056732
0.4320000112056732
0.4320000112056732
0.4320000112056732
0.4320000112056732
0.4320000112056732
0.4320000112056732
0.4320000112056732
0.4320000112056732
0.4320000112056732
0.4320000112056732
0.4320000112056732
0.4320000112056732
0.4320000112056732
0.4320000112056732
0.4320000112056732
0.4320000112056732
0.4320000112056732
0.4320000112056732
0.4320000112056732
0.4320000112056732
0.4320000112056732
0.429999977350235
0.429999977350235
0.429999977350235
0.429999977350235
0.429999977350235
0.429999977350235
0.429999977350235
0.429999977350235
0.429999977350235
0.429999977350235
0.429999977350235
0.429999977350235
0.429999977350235
0.429999977350235
0.429999977350235
0.429999977350235
0.429999977350235
0.429999977350235
0.429999977350235
0.429999977350235
0.429999977350235
0.429999977350235
0.429999977350235
0.429999977350235
0.429999977350235
0.429999977350235
0.429999977350235
0.42799997329711914
0.42799997329711914
0.42799997329711914
0.42799997329711914
0.42799997329711914
0.42799997329711914
0.42799997329711914
0.42799997329711914
0.42799997329711914
0.42799997329711914
0.42799997329711914
0.42799997329711914
0.42799997329711914
0.42799997329711914
0.42799997329711914
0.42799997329711914
0.42799997329711914
0.42799997329711914
0.42799997329711914
0.42799997329711914
0.42799997329711914
0.42799997329711914
0.42799997329711914
0.42799997329711914
0.42799997329711914
0.42799997329711914
0.42799997329711914
0.42799997329711914
0.4259999990463257
0.4259999990463257
0.4259999990463257
0.4259999990463257
0.4259999990463257
0.4259999990463257
0.4259999990463257
0.4259999990463257
0.4259999990463257
0.4259999990463257
0.4259999990463257
0.4259999990463257
0.4259999990463257
0.4259999990463257
0.4259999990463257
0.4259999990463257
0.4259999990463257
0.4259999990463257
0.4259999990463257
0.4259999990463257
0.4259999990463257
0.4259999990463257
0.4259999990463257
0.4259999990463257
0.42399999499320984
0.42399999499320984
0.42399999499320984
0.42399999499320984
0.42399999499320984
0.42399999499320984
0.42399999499320984
0.42399999499320984
0.42399999499320984
0.42399999499320984
0.42399999499320984
0.42399999499320984
0.42399999499320984
0.42399999499320984
0.42399999499320984
0.42399999499320984
0.42399999499320984
0.42399999499320984
0.42399999499320984
0.42399999499320984
0.42399999499320984
0.421999990940094
0.421999990940094
0.421999990940094
0.421999990940094
0.421999990940094
0.421999990940094
0.421999990940094
0.421999990940094
0.421999990940094
0.421999990940094
0.421999990940094
0.421999990940094
0.421999990940094
0.421999990940094
0.421999990940094
0.421999990940094
0.421999990940094
0.421999990940094
0.421999990940094
0.421999990940094
0.421999990940094
0.421999990940094
0.421999990940094
0.421999990940094
0.421999990940094
0.421999990940094
0.421999990940094
0.421999990940094
0.421999990940094
0.41999998688697815
0.41999998688697815
0.41999998688697815
0.41999998688697815
0.41999998688697815
0.41999998688697815
0.41999998688697815
0.41999998688697815
0.41999998688697815
0.41999998688697815
0.41999998688697815
0.41999998688697815
0.41999998688697815
0.41999998688697815
0.41999998688697815
0.41999998688697815
0.41999998688697815
0.41999998688697815
0.41999998688697815
0.41999998688697815
0.41999998688697815
0.41999998688697815
0.41999998688697815
0.41999998688697815
0.41999998688697815
0.41999998688697815
0.41999998688697815
0.41999998688697815
0.41999998688697815
0.41999998688697815
0.41999998688697815
0.41999998688697815
0.41999998688697815
0.41999998688697815
0.41999998688697815
0.41999998688697815
0.41999998688697815
0.41999998688697815
0.41999998688697815
0.41999998688697815
0.41999998688697815
0.4179999828338623
0.4179999828338623
0.4179999828338623
0.4179999828338623
0.4179999828338623
0.4179999828338623
0.4179999828338623
0.4179999828338623
0.4179999828338623
0.4179999828338623
0.4179999828338623
0.4179999828338623
0.4179999828338623
0.4179999828338623
0.4179999828338623
0.4179999828338623
0.4179999828338623
0.4179999828338623
0.4179999828338623
0.4179999828338623
0.4179999828338623
0.4179999828338623
0.4179999828338623
0.4179999828338623
0.4179999828338623
0.4179999828338623
0.4179999828338623
0.4179999828338623
0.41600000858306885
0.41600000858306885
0.41600000858306885
0.41600000858306885
0.41600000858306885
0.41600000858306885
0.41600000858306885
0.41600000858306885
0.41600000858306885
0.41600000858306885
0.41600000858306885
0.41600000858306885
0.41600000858306885
0.41600000858306885
0.41600000858306885
0.41600000858306885
0.41600000858306885
0.41600000858306885
0.41600000858306885
0.41600000858306885
0.41600000858306885
0.41600000858306885
0.41600000858306885
0.41600000858306885
0.41600000858306885
0.41600000858306885
0.41600000858306885
0.41600000858306885
0.41600000858306885
0.41600000858306885
0.41600000858306885
0.41600000858306885
0.41600000858306885
0.41600000858306885
0.41600000858306885
0.41600000858306885
0.41600000858306885
0.41600000858306885
0.41600000858306885
0.41600000858306885
0.41600000858306885
0.41600000858306885
0.414000004529953
0.414000004529953
0.414000004529953
0.414000004529953
0.414000004529953
0.414000004529953
0.414000004529953
0.414000004529953
0.414000004529953
0.414000004529953
0.414000004529953
0.414000004529953
0.414000004529953
0.414000004529953
0.414000004529953
0.414000004529953
0.414000004529953
0.414000004529953
0.414000004529953
0.414000004529953
0.414000004529953
0.414000004529953
0.414000004529953
0.414000004529953
0.414000004529953
0.414000004529953
0.414000004529953
0.414000004529953
0.414000004529953
0.41200000047683716
0.41200000047683716
0.41200000047683716
0.41200000047683716
0.41200000047683716
0.41200000047683716
0.41200000047683716
0.41200000047683716
0.41200000047683716
0.41200000047683716
0.41200000047683716
0.41200000047683716
0.41200000047683716
0.41200000047683716
0.41200000047683716
0.41200000047683716
0.41200000047683716
0.41200000047683716
0.41200000047683716
0.41200000047683716
0.4099999964237213
0.4099999964237213
0.4099999964237213
0.4099999964237213
0.4099999964237213
0.4099999964237213
0.4099999964237213
0.4099999964237213
0.4099999964237213
0.4099999964237213
0.4099999964237213
0.4099999964237213
0.4099999964237213
0.4099999964237213
0.4099999964237213
0.4099999964237213
0.4099999964237213
0.4099999964237213
0.4099999964237213
0.4099999964237213
0.4099999964237213
0.4099999964237213
0.4099999964237213
0.4099999964237213
0.4099999964237213
0.4099999964237213
0.40799999237060547
0.40799999237060547
0.40799999237060547
0.40799999237060547
0.40799999237060547
0.40799999237060547
0.40799999237060547
0.40799999237060547
0.40799999237060547
0.40799999237060547
0.40799999237060547
0.40799999237060547
0.40799999237060547
0.40799999237060547
0.40799999237060547
0.40799999237060547
0.40799999237060547
0.40799999237060547
0.40799999237060547
0.40799999237060547
0.40799999237060547
0.40799999237060547
0.40799999237060547
0.40799999237060547
0.40799999237060547
0.40799999237060547
0.406000018119812
0.406000018119812
0.406000018119812
0.406000018119812
0.406000018119812
0.406000018119812
0.406000018119812
0.406000018119812
0.406000018119812
0.406000018119812
0.406000018119812
0.406000018119812
0.406000018119812
0.406000018119812
0.406000018119812
0.406000018119812
0.406000018119812
0.40400001406669617
0.40400001406669617
0.40400001406669617
0.40400001406669617
0.40400001406669617
0.40400001406669617
0.40400001406669617
0.40400001406669617
0.40400001406669617
0.40400001406669617
0.40400001406669617
0.40400001406669617
0.40400001406669617
0.40400001406669617
0.40400001406669617
0.40400001406669617
0.4020000100135803
0.4020000100135803
0.4020000100135803
0.4020000100135803
0.4020000100135803
0.4020000100135803
0.4020000100135803
0.4020000100135803
0.4020000100135803
0.4020000100135803
0.4020000100135803
0.4020000100135803
0.4020000100135803
0.4020000100135803
0.4020000100135803
0.4020000100135803
0.4020000100135803
0.4020000100135803
0.4020000100135803
0.4020000100135803
0.4020000100135803
0.3999999761581421
0.3999999761581421
0.3999999761581421
0.3999999761581421
0.3999999761581421
0.3999999761581421
0.3999999761581421
0.3999999761581421
0.3999999761581421
0.3999999761581421
0.3999999761581421
0.3999999761581421
0.3999999761581421
0.3999999761581421
0.3999999761581421
0.3999999761581421
0.3999999761581421
0.3999999761581421
0.3999999761581421
0.3999999761581421
0.3999999761581421
0.3999999761581421
0.3999999761581421
0.3999999761581421
0.3999999761581421
0.3999999761581421
0.3999999761581421
0.3999999761581421
0.39799997210502625
0.39799997210502625
0.39799997210502625
0.39799997210502625
0.39799997210502625
0.39799997210502625
0.39799997210502625
0.39799997210502625
0.39799997210502625
0.39799997210502625
0.39799997210502625
0.39799997210502625
0.39799997210502625
0.39799997210502625
0.39799997210502625
0.39799997210502625
0.39799997210502625
0.3960000276565552
0.3960000276565552
0.3960000276565552
0.3960000276565552
0.3960000276565552
0.3960000276565552
0.3960000276565552
0.3960000276565552
0.3960000276565552
0.3960000276565552
0.3960000276565552
0.3960000276565552
0.3960000276565552
0.39399999380111694
0.39399999380111694
0.39399999380111694
0.39399999380111694
0.39399999380111694
0.39399999380111694
0.39399999380111694
0.39399999380111694
0.39399999380111694
0.39399999380111694
0.39399999380111694
0.39399999380111694
0.39399999380111694
0.39399999380111694
0.39399999380111694
0.3919999897480011
0.3919999897480011
0.3919999897480011
0.3919999897480011
0.3919999897480011
0.3919999897480011
0.3919999897480011
0.3919999897480011
0.3919999897480011
0.3919999897480011
0.3919999897480011
0.38999998569488525
0.38999998569488525
0.38999998569488525
0.38999998569488525
0.38999998569488525
0.38999998569488525
0.38999998569488525
0.38999998569488525
0.38999998569488525
0.38999998569488525
0.3879999816417694
0.3879999816417694
0.3879999816417694
0.3879999816417694
0.3879999816417694
0.3879999816417694
0.3879999816417694
0.3879999816417694
0.3879999816417694
0.38600000739097595
0.38600000739097595
0.38600000739097595
0.38600000739097595
0.38600000739097595
0.38600000739097595
0.38600000739097595
0.38600000739097595
0.38600000739097595
0.38600000739097595
0.3840000033378601
0.3840000033378601
0.3840000033378601
0.3840000033378601
0.3840000033378601
0.3840000033378601
0.3840000033378601
0.3840000033378601
0.3840000033378601
0.3840000033378601
0.3840000033378601
0.3840000033378601
0.3840000033378601
0.38199999928474426
0.38199999928474426
0.38199999928474426
0.38199999928474426
0.38199999928474426
0.38199999928474426
0.3799999952316284
0.3799999952316284
0.3799999952316284
0.3799999952316284
0.3779999911785126
0.3779999911785126
0.3779999911785126
0.3779999911785126
0.3779999911785126
0.3779999911785126
0.3760000169277191
0.3760000169277191
0.3760000169277191
0.3760000169277191
0.3760000169277191
0.3760000169277191
0.3760000169277191
0.3760000169277191
0.37400001287460327
0.37400001287460327
0.37400001287460327
0.3720000088214874
0.3720000088214874
0.3700000047683716
0.3700000047683716
0.3700000047683716
0.3700000047683716
0.3700000047683716
0.36799997091293335
0.36799997091293335
0.36799997091293335
0.36799997091293335
0.3660000264644623
0.3660000264644623
0.36399999260902405
0.36399999260902405
0.36399999260902405
0.3619999885559082
0.3619999885559082
0.35999998450279236
0.35999998450279236
0.3499999940395355
0.3499999940395355
0.3479999899864197
0.3460000157356262
0.32999998331069946
0.3279999792575836
0.3240000009536743
0.3199999928474426
0.30399999022483826
0.30399999022483826
0.2980000078678131
0.2980000078678131
0.23200000822544098
0.16599999368190765
