0.3100263716963183
0.2866701056237144
0.25877463377278836
0.25558795356243574
0.1937212037069602
0.1826689246814935
0.18203334665706658
0.17358532470090765
0.1733967413565851
0.17143059279992884
0.1695567419107281
0.16608410222327236
0.1633321838515788
0.16101955587347636
0.14757467206212696
0.11018958790515403
0.1028075403721998
0.10053034087538862
0.09717739940979533
0.09116850846975405
0.09023973857725039
0.08338786449631644
0.08171190523462182
0.07979243402674527
0.0764140215640187
0.07474139990463122
0.06869230893112842
0.06768042021711672
0.06292417153188243
0.061793925539762894
0.05905272382540356
0.05655319036087549
0.05595397524891344
0.05587699745542988
0.055781351321437446
0.05553002714006105
0.0553666889671805
0.05284967730705177
0.0492799330750274
0.04915099591111878
0.04764894292805667
0.04680285693480595
0.04324626712090403
0.03920847401631642
0.03892055866400238
0.03778357606116613
0.036372938467721744
0.03616432252119528
0.03317042536410042
0.03223482808803077
0.03201230200137954
0.0314361062510414
0.029157328168922348
0.028435392877339358
0.028341474700843954
0.027811629060128427
0.026337290560345943
0.0241748151049297
0.022802934546385295
0.021041306143301824
0.020151621761584106
0.019566358841278424
0.019519296471219416
0.018866412611772354
0.018275156145791713
0.01787639247988136
0.017832208078761416
0.0174217977479401
0.016799111953825913
0.016096220523768263
0.014826725869234392
0.013016338352380419
0.011935446924912252
0.011733911718155065
0.011150225972358449
0.011095182648295544
0.010875383428288476
0.010092204018446202
0.008113547728203782
0.00638925880025206
0.0063338437020330355
0.005555700255042019
0.004289309146052362
0.004082896493707693
0.003485782868084752
0.003169621227566647
0.0028378044747982573
0.0025750994029113293
0.0016596571225810383
0.0013252996688575278
0.001283826654636464
0.001217145891088514
0.0008168689113936994
0.0008148847049639461
0.0005816667450641917
0.00042108508525788314
0.0001848234512133914
0.00013570172661925834
8.606744737473508e-05
4.608632410428388e-05
